1 0
2 1
3 1
4 3
5 4
6 4
7 6
8 1
9 1
10 1
11 6
12 6
13 6
14 1
15 1
16 9
17 1
18 17
19 17
20 1
21 10
22 17
23 13
24 22
25 17
26 25
27 17
28 24
29 22
30 22
31 22
32 1
33 16
34 22
35 32
36 1
37 36
38 14
39 38
40 27
41 17
42 39
43 40
44 32
45 22
46 35
47 45
48 32
49 1
50 48
51 50
52 50
53 48
54 50
55 3
56 55
57 55
58 34
59 56
60 59
61 56
62 55
63 45
64 45
65 13
66 27
67 31
68 66
69 31
70 65
71 61
72 59
73 71
74 69
75 59
76 59
77 37
78 19
79 78
80 17
81 73
82 56
83 17
84 32
85 79
86 84
87 84
88 79
89 87
90 79
91 89
92 22
93 84
94 93
95 93
96 86
97 96
98 93
99 90
100 96
101 93
102 80
103 96
104 97
105 79
106 27
107 93
108 93
109 107
110 71
111 82
112 2
113 93
114 109
115 104
116 31
117 67
118 84
119 10
120 92
121 93
122 90
123 6
124 93
125 8
126 1
127 110
128 126
129 126
130 83
131 17
132 105
133 132
134 129
135 130
136 111
137 63
138 49
139 14
140 139
141 140
142 139
143 41
144 127
145 132
146 105
147 59
148 144
149 96
150 7
151 141
152 125
153 150
154 127
155 146
156 154
157 56
158 17
159 150
160 96
161 7
162 50
163 147
164 132
165 45
166 79
167 135
168 159
169 155
170 164
171 161
172 31
173 169
174 163
175 155
176 166
177 2
178 176
179 56
180 132
181 56
182 84
183 69
184 170
185 63
186 181
187 159
188 169
189 188
190 189
191 180
192 3
193 135
194 135
195 170
196 106
197 195
198 170
199 196
200 155
201 189
202 155
203 182
204 132
205 197
206 135
207 206
208 57
209 25
210 185
211 194
212 205
213 208
214 164
215 159
216 158
217 8
218 217
219 62
220 135
221 206
222 172
223 158
224 14
225 56
226 56
227 223
228 89
229 227
230 194
231 225
232 56
233 223
234 105
235 153
236 226
237 236
238 161
239 125
240 215
241 239
242 129
243 78
244 243
245 243
246 161
247 239
248 227
249 245
250 176
251 144
252 243
253 210
254 215
255 48
256 249
257 249
258 256
259 206
260 206
261 205
262 93
263 223
264 236
265 245
266 256
267 263
268 208
269 222
270 180
271 186
272 93
273 259
274 264
275 269
276 190
277 256
278 256
279 243
280 61
281 264
282 56
283 282
284 7
285 261
286 230
287 231
288 37
289 155
290 282
291 261
292 263
293 256
294 293
295 226
296 259
297 155
298 7
299 276
300 298
301 297
302 164
303 269
304 198
305 144
306 185
307 249
308 307
309 261
310 45
311 235
312 311
313 70
314 311
315 269
316 308
317 308
318 82
319 313
320 259
321 279
322 294
323 213
324 300
325 324
326 323
327 245
328 288
329 306
330 323
331 222
332 321
333 147
334 297
335 25
336 334
337 222
338 297
339 336
340 332
341 235
342 88
343 286
344 307
345 335
346 322
347 344
348 227
349 347
350 324
351 350
352 329
353 344
354 344
355 92
356 193
357 180
358 349
359 350
360 3
361 313
362 359
363 362
364 307
365 297
366 241
367 205
368 354
369 355
370 32
371 159
372 371
373 371
374 132
375 374
376 339
377 370
378 373
379 329
380 379
381 1
382 337
383 378
384 370
385 383
386 384
387 383
388 344
389 379
390 383
391 382
392 355
393 362
394 338
395 297
396 388
397 297
398 298
399 222
400 311
401 261
402 282
403 398
404 389
405 2
406 380
407 332
408 84
409 369
410 408
411 405
412 144
413 211
414 379
415 177
416 172
417 263
418 243
419 412
420 418
421 411
422 421
423 269
424 400
425 421
426 198
427 418
428 1
429 428
430 345
431 430
432 296
433 431
434 325
435 433
436 371
437 435
438 398
439 384
440 28
441 311
442 63
443 14
444 428
445 442
446 155
447 195
448 311
449 109
450 227
451 277
452 206
453 286
454 361
455 454
456 365
457 323
458 453
459 297
460 424
461 454
462 407
463 407
464 96
465 454
466 462
467 457
468 448
469 227
470 462
471 456
472 370
473 412
474 88
475 466
476 470
477 84
478 476
479 477
480 475
481 469
482 261
483 166
484 402
485 439
486 484
487 485
488 453
489 488
490 180
491 478
492 491
493 164
494 469
495 413
496 147
497 45
498 96
499 323
500 469
501 223
502 88
503 488
504 25
505 504
506 86
507 379
508 158
509 507
510 488
511 481
512 88
513 279
514 443
515 507
516 503
517 511
518 402
519 474
520 353
521 497
522 520
523 365
524 488
525 383
526 399
527 245
528 520
529 449
530 528
531 177
532 2
533 38
534 347
535 532
536 321
537 506
538 421
539 505
540 456
541 456
542 541
543 405
544 435
545 508
546 497
547 456
548 146
549 548
550 189
551 546
552 516
553 413
554 540
555 454
556 432
557 101
558 439
559 449
560 559
561 511
562 532
563 541
564 508
565 116
566 519
567 562
568 548
569 559
570 529
571 126
572 488
573 571
574 453
575 559
576 490
577 540
578 577
579 577
580 570
581 125
582 519
583 546
584 577
585 532
586 418
587 313
588 579
589 311
590 562
591 590
592 543
593 561
594 568
595 593
596 590
597 595
598 597
599 310
600 572
601 600
602 478
603 579
604 220
605 583
606 595
607 595
608 595
609 116
610 608
611 92
612 610
613 595
614 612
615 585
616 591
617 477
618 607
619 584
620 619
621 520
622 618
623 332
624 497
625 581
626 494
627 616
628 627
629 9
630 434
631 610
632 7
633 73
634 577
635 624
636 368
637 269
638 567
639 621
640 6
641 147
642 640
643 640
644 227
645 169
646 613
647 403
648 559
649 647
650 582
651 591
652 307
653 600
654 482
655 146
656 603
657 456
658 656
659 653
660 626
661 488
662 501
663 612
664 48
665 663
666 434
667 379
668 63
669 667
670 581
671 373
672 191
673 651
674 658
675 653
676 577
677 593
678 676
679 598
680 48
681 663
682 640
683 93
684 289
685 469
686 595
687 111
688 558
689 653
690 587
691 681
692 663
693 567
694 674
695 654
696 672
697 675
698 322
699 629
700 570
701 659
702 663
703 700
704 703
705 693
706 612
707 698
708 562
709 519
710 217
711 675
712 711
713 663
714 389
715 711
716 675
717 703
718 622
719 693
720 719
721 713
722 622
723 519
724 321
725 716
726 231
727 726
728 715
729 477
730 254
731 370
732 699
733 109
734 732
735 715
736 734
737 371
738 710
739 738
740 716
741 671
742 177
743 699
744 565
745 430
746 302
747 371
748 732
749 612
750 348
751 656
752 428
753 354
754 750
755 749
756 524
757 649
758 323
759 699
760 230
761 125
762 741
763 495
764 734
765 732
766 762
767 758
768 593
769 719
770 731
771 674
772 341
773 453
774 772
775 45
776 688
777 698
778 776
779 652
780 581
781 515
782 580
783 779
784 666
785 627
786 169
787 546
788 624
789 595
790 508
791 772
792 71
793 714
794 100
795 554
796 795
797 245
798 574
799 548
800 688
801 301
802 801
803 590
804 758
805 785
806 699
807 794
808 804
809 794
810 109
811 809
812 776
813 163
814 507
815 719
816 13
817 494
818 804
819 386
820 552
821 781
822 296
823 716
824 769
825 729
826 695
827 654
828 826
829 802
830 741
831 648
832 700
833 776
834 732
835 688
836 600
837 57
838 836
839 22
840 36
841 232
842 584
843 627
844 840
845 844
846 715
847 845
848 477
849 775
850 269
851 567
852 777
853 321
854 609
855 844
856 844
857 714
858 844
859 665
860 850
861 798
862 518
863 519
864 762
865 766
866 864
867 857
868 537
869 863
870 196
871 699
872 805
873 147
874 850
875 841
876 846
877 827
878 261
879 874
880 593
881 880
882 880
883 874
884 858
885 389
886 158
887 267
888 121
889 844
890 626
891 872
892 891
893 823
894 891
895 421
896 732
897 431
898 869
899 732
900 852
901 828
902 200
903 868
904 139
905 799
906 305
907 844
908 871
909 226
910 880
911 730
912 910
913 428
914 700
915 914
916 1
917 827
918 570
919 911
920 612
921 903
922 571
923 922
924 367
925 507
926 919
927 902
928 910
929 916
930 755
931 927
932 929
933 376
934 933
935 723
936 880
937 858
938 919
939 916
940 27
941 933
942 911
943 910
944 176
945 934
946 650
947 637
948 947
949 934
950 70
951 176
952 933
953 945
954 945
955 548
956 311
957 202
958 367
959 158
960 328
961 186
962 960
963 45
964 960
965 593
966 958
967 802
968 411
969 803
970 612
971 893
972 965
973 519
974 850
975 417
976 593
977 159
978 976
979 977
980 739
981 629
982 904
983 973
984 515
985 983
986 929
987 977
988 885
989 918
990 554
991 916
992 989
993 743
994 434
995 401
996 979
997 531
998 809
999 973
